1.00000000 0.45223773 0.48502361 0.35427060 0.57871789 0.43945843 0.56161566 0.53362822 0.63797251 0.40444651 0.54991095 0.51081014
0.45223773 1.00000000 0.47480555 0.35022884 0.43413914 0.23657913 0.29404389 0.28006166 0.47748917 0.34444987 0.50491418 0.41915525
0.48502361 0.47480555 1.00000000 0.43578210 0.33647452 0.17994069 0.35809448 0.37638910 0.47328159 0.24697530 0.47451316 0.25650458
0.35427060 0.35022884 0.43578210 1.00000000 0.24161216 0.04845503 0.27114429 0.16011216 0.33452383 0.23763143 0.49602466 0.35439947
0.57871789 0.43413914 0.33647452 0.24161216 1.00000000 0.56274414 0.54050082 0.44618716 0.55155943 0.54395381 0.36460340 0.55658251
0.43945843 0.23657913 0.17994069 0.04845503 0.56274414 1.00000000 0.48387143 0.39938564 0.26124651 0.53612311 0.16801946 0.42103336
0.56161566 0.29404389 0.35809448 0.27114429 0.54050082 0.48387143 1.00000000 0.53800657 0.47200471 0.38855157 0.48254795 0.32033535
0.53362822 0.28006166 0.37638910 0.16011216 0.44618716 0.39938564 0.53800657 1.00000000 0.40636062 0.26795219 0.44638060 0.28244283
0.63797251 0.47748917 0.47328159 0.33452383 0.55155943 0.26124651 0.47200471 0.40636062 1.00000000 0.46670109 0.51444056 0.37285156
0.40444651 0.34444987 0.24697530 0.23763143 0.54395381 0.53612311 0.38855157 0.26795219 0.46670109 1.00000000 0.29837604 0.47330020
0.54991095 0.50491418 0.47451316 0.49602466 0.36460340 0.16801946 0.48254795 0.44638060 0.51444056 0.29837604 1.00000000 0.35445942
0.51081014 0.41915525 0.25650458 0.35439947 0.55658251 0.42103336 0.32033535 0.28244283 0.37285156 0.47330020 0.35445942 1.00000000
