1.00000000 0.34049258 0.26287832 0.21284424 0.38336879 0.40381446 0.29579279 0.18220041 0.19475119 0.17215213 0.30383014 0.30985563
0.34049258 1.00000000 0.21623741 0.01893819 0.34245437 0.21384626 0.21133944 -0.01033189 -0.08073897 0.23456374 0.24911089 0.07028112
0.26287832 0.21623741 1.00000000 0.32674529 0.18372472 0.19585607 0.14655657 0.28422155 0.32923263 0.36338000 0.16294740 0.21488998
0.21284424 0.01893819 0.32674529 1.00000000 0.17730139 0.20680243 0.31483648 0.23986873 0.35881272 0.29590530 0.17762127 0.35417669
0.38336879 0.34245437 0.18372472 0.17730139 1.00000000 0.44676120 0.22995821 0.07119036 0.04775415 0.33031713 0.38705470 0.31004158
0.40381446 0.21384626 0.19585607 0.20680243 0.44676120 1.00000000 0.25459479 0.06667129 0.04580889 0.28881442 0.36554809 0.36933451
0.29579279 0.21133944 0.14655657 0.31483648 0.22995821 0.25459479 1.00000000 0.24240469 0.30130776 0.18639217 0.13115724 0.12636715
0.18220041 -0.01033189 0.28422155 0.23986873 0.07119036 0.06667129 0.24240469 1.00000000 0.34227846 0.23198952 -0.02969969 0.17769681
0.19475119 -0.08073897 0.32923263 0.35881272 0.04775415 0.04580889 0.30130776 0.34227846 1.00000000 0.26378436 -0.01696418 0.24287250
0.17215213 0.23456374 0.36338000 0.29590530 0.33031713 0.28881442 0.18639217 0.23198952 0.26378436 1.00000000 0.23640392 0.20970705
0.30383014 0.24911089 0.16294740 0.17762127 0.38705470 0.36554809 0.13115724 -0.02969969 -0.01696418 0.23640392 1.00000000 0.21229313
0.30985563 0.07028112 0.21488998 0.35417669 0.31004158 0.36933451 0.12636715 0.17769681 0.24287250 0.20970705 0.21229313 1.00000000
