1.00000000 0.48891891 0.53473182 0.53338612 0.64897365 0.57104593 0.73312380 0.64984246 0.57821360 0.58320465 0.47147842 0.36236544
0.48891891 1.00000000 0.65053315 0.42159123 0.60707288 0.72823432 0.60635849 0.60569539 0.75990437 0.50035219 0.54003156 0.47107112
0.53473182 0.65053315 1.00000000 0.44171821 0.59314862 0.68969688 0.65575034 0.67369459 0.67734988 0.56392955 0.52498494 0.46257658
0.53338612 0.42159123 0.44171821 1.00000000 0.51124874 0.44972952 0.58052367 0.44174780 0.55975498 0.54287291 0.63001188 0.50244483
0.64897365 0.60707288 0.59314862 0.51124874 1.00000000 0.68715226 0.72935043 0.67044909 0.67216409 0.54455639 0.47902385 0.49782167
0.57104593 0.72823432 0.68969688 0.44972952 0.68715226 1.00000000 0.67500451 0.71119047 0.74936635 0.56018863 0.53389278 0.48956207
0.73312380 0.60635849 0.65575034 0.58052367 0.72935043 0.67500451 1.00000000 0.67829712 0.72146157 0.63985120 0.50056553 0.43901996
0.64984246 0.60569539 0.67369459 0.44174780 0.67044909 0.71119047 0.67829712 1.00000000 0.64915736 0.57409727 0.51895389 0.31166129
0.57821360 0.75990437 0.67734988 0.55975498 0.67216409 0.74936635 0.72146157 0.64915736 1.00000000 0.54832260 0.58193711 0.53138994
0.58320465 0.50035219 0.56392955 0.54287291 0.54455639 0.56018863 0.63985120 0.57409727 0.54832260 1.00000000 0.56273520 0.35545576
0.47147842 0.54003156 0.52498494 0.63001188 0.47902385 0.53389278 0.50056553 0.51895389 0.58193711 0.56273520 1.00000000 0.44549041
0.36236544 0.47107112 0.46257658 0.50244483 0.49782167 0.48956207 0.43901996 0.31166129 0.53138994 0.35545576 0.44549041 1.00000000
