1.00000000 0.14582206 0.26978105 0.37896106 0.31253018 0.41364676 0.44286047 0.30919047 0.37796827 0.29274271 0.33143791 0.35346926
0.14582206 1.00000000 0.38003493 -0.02963041 0.36638438 0.41218320 0.10424674 0.32606162 0.19295651 0.19661057 0.35177352 0.59075035
0.26978105 0.38003493 1.00000000 0.10738796 0.29388424 0.28515661 0.31324854 0.33303854 0.32484258 0.26327209 0.35592170 0.39020683
0.37896106 -0.02963041 0.10738796 1.00000000 0.22038565 0.15832262 0.27163812 0.18001447 0.21196353 0.11836699 0.25448134 0.23218215
0.31253018 0.36638438 0.29388424 0.22038565 1.00000000 0.50682652 0.18596454 0.31343790 0.24772812 0.27489341 0.36001748 0.48333572
0.41364676 0.41218320 0.28515661 0.15832262 0.50682652 1.00000000 0.26893056 0.44303546 0.28848497 0.40632489 0.46143016 0.48389548
0.44286047 0.10424674 0.31324854 0.27163812 0.18596454 0.26893056 1.00000000 0.17875397 0.44057897 0.09083301 0.20630941 0.26328906
0.30919047 0.32606162 0.33303854 0.18001447 0.31343790 0.44303546 0.17875397 1.00000000 0.24881581 0.24399143 0.44844560 0.40984740
0.37796827 0.19295651 0.32484258 0.21196353 0.24772812 0.28848497 0.44057897 0.24881581 1.00000000 0.26747041 0.23234356 0.26514199
0.29274271 0.19661057 0.26327209 0.11836699 0.27489341 0.40632489 0.09083301 0.24399143 0.26747041 1.00000000 0.35262538 0.25420726
0.33143791 0.35177352 0.35592170 0.25448134 0.36001748 0.46143016 0.20630941 0.44844560 0.23234356 0.35262538 1.00000000 0.47138594
0.35346926 0.59075035 0.39020683 0.23218215 0.48333572 0.48389548 0.26328906 0.40984740 0.26514199 0.25420726 0.47138594 1.00000000
